[[0.0, 1638.0, 313.0, 1525.0, 1381.0, 1439.0, 798.0, 1003.0, 1489.0, 1339.0], [1638.0, 0.0, 948.0, 1182.0, 517.0, 519.0, 880.0, 363.0, 1164.0, 1359.0], [313.0, 948.0, 0.0, 1515.0, 1178.0, 717.0, 352.0, 1114.0, 1958.0, 1773.0], [1525.0, 1182.0, 1515.0, 0.0, 895.0, 1076.0, 1811.0, 1734.0, 332.0, 1949.0], [1381.0, 517.0, 1178.0, 895.0, 0.0, 370.0, 147.0, 1015.0, 557.0, 909.0], [1439.0, 519.0, 717.0, 1076.0, 370.0, 0.0, 1508.0, 1216.0, 74.0, 609.0], [798.0, 880.0, 352.0, 1811.0, 147.0, 1508.0, 0.0, 764.0, 689.0, 1402.0], [1003.0, 363.0, 1114.0, 1734.0, 1015.0, 1216.0, 764.0, 0.0, 1976.0, 1429.0], [1489.0, 1164.0, 1958.0, 332.0, 557.0, 74.0, 689.0, 1976.0, 0.0, 1965.0], [1339.0, 1359.0, 1773.0, 1949.0, 909.0, 609.0, 1402.0, 1429.0, 1965.0, 0.0]]